-0.80000 -0.80000 0.10 1
-0.80000 -0.40000 0.10 1
-0.80000 0.00000 0.10 1
-0.80000 0.40000 0.10 1
-0.80000 0.80000 0.10 1
-0.40000 -0.80000 0.10 1
-0.40000 -0.40000 0.10 1
-0.40000 0.00000 0.10 1
-0.40000 0.40000 0.10 1
-0.40000 0.80000 0.10 1
0.00000 -0.80000 0.10 1
0.00000 -0.40000 0.10 1
0.00000 0.00000 0.10 1
0.00000 0.40000 0.10 1
0.00000 0.80000 0.10 1
0.40000 -0.80000 0.10 1
0.40000 -0.40000 0.10 1
0.40000 0.00000 0.10 1
0.40000 0.40000 0.10 1
0.40000 0.80000 0.10 1
0.80000 -0.80000 0.10 1
0.80000 -0.40000 0.10 1
0.80000 0.00000 0.10 1
0.80000 0.40000 0.10 1
0.80000 0.80000 0.10 1